learning_rate,layers,mse,mae,mape
0.1,[64, 32, 16],1084231296.0,1084231296.0,22317.2265625,1.9510244131088257
0.1,[64, 32],1187141760.0,1187141760.0,22243.73828125,1.9049173593521118
0.1,[32, 16, 8],1137103360.0,1137103360.0,21762.912109375,1.8767682313919067
0.1,[32, 16],1475366912.0,1475366912.0,25648.732421875,2.186586856842041
0.1,[128, 64, 32],1093050240.0,1093050240.0,23631.369140625,2.0303797721862793
0.01,[64, 32, 16],1528384256.0,1528384256.0,25999.3203125,2.2221219539642334
0.01,[64, 32],1680906624.0,1680906624.0,27311.5625,2.337045431137085
0.01,[32, 16, 8],1684581632.0,1684581632.0,27223.501953125,2.332594633102417
0.01,[32, 16],1701100160.0,1701100160.0,27275.26171875,2.3349461555480957
0.01,[128, 64, 32],1197154432.0,1197154432.0,21618.509765625,1.875476360321045
0.001,[64, 32, 16],1787624448.0,1787624448.0,27922.4453125,2.382558584213257
0.001,[64, 32],2052869888.0,2052869888.0,29818.228515625,2.553300142288208
0.001,[32, 16, 8],1938166784.0,1938166784.0,29129.0390625,2.485639810562134
0.001,[32, 16],2227861248.0,2227861248.0,31381.669921875,2.693483829498291
0.001,[128, 64, 32],1682351488.0,1682351488.0,26214.419921875,2.260390520095825
0.0001,[64, 32, 16],2668273920.0,2668273920.0,36306.9765625,3.159173011779785
0.0001,[64, 32],107297005568.0,107297005568.0,269031.5625,23.544275283813477
0.0001,[32, 16, 8],13288224768.0,13288224768.0,91378.0859375,8.033581733703613
0.0001,[32, 16],638343446528.0,638343446528.0,780303.75,67.86096954345703
0.0001,[128, 64, 32],2218488832.0,2218488832.0,31574.029296875,2.717308521270752
naive,1hr,1309250987.4755623,25646.96814096925,2.191141569679901
naive,24hr,8313610409.792284,53561.40178808716,4.503903611383593
naive,1week,3241732518.809939,36613.24453133465,3.159587005148829